CCC	0.000344828	0.000129546	6.0748e-05	0.000230555	0.000302184	0.000497256	0.000679945	0.000876602	0.000899881	0.00128309	0.00151987	0.00201471	0.0019075	0.00187641	0.00159944	0.00135679	0.00135366	0.00128518	0.00123323	0.000786284	0.000636553	0.000712339	0.000793607	0.000905462	0.00943094	0.019827	0.0205621	0.0183217	0.0171744	0.0167654	0.0167315
ACA	0	0.000366438	0.000201924	0.000252806	0.000409438	0.000503907	0.000491578	0.000724291	0.000860341	0.00075278	0.00074668	0.000891457	0.00110557	0.00134309	0.00155625	0.0018418	0.00208822	0.00215418	0.00194088	0.00175809	0.00176206	0.00189513	0.00198599	0.0021024	0.00293207	0.00387773	0.00428233	0.00494827	0.00515492	0.0052006	0.00519402
ACC	0.000212766	0.000221631	0.000257268	0.000844719	0.000876232	0.00111075	0.00127935	0.00132194	0.00117884	0.00135762	0.00153917	0.00180936	0.00199587	0.00225723	0.00252743	0.00290545	0.00298381	0.0031469	0.00371259	0.00435927	0.00484566	0.005173	0.00534525	0.00556856	0.00429486	0.00286275	0.00282456	0.00282864	0.00282581	0.00280404	0.00278172
CCG	0	0.000258455	0.000207767	0.000147134	0.000473694	0.000604146	0.000552059	0.000665709	0.000647382	0.000558253	0.000685871	0.0013746	0.00407561	0.00845908	0.0123687	0.0174545	0.0189258	0.0180755	0.0078983	0.00165297	0.000559488	0.000496735	0.000593844	0.00071293	0.000489169	0.00021145	0.000304407	0.000439866	0.000575281	0.000594961	0.00055752
CCT	0	0.000571864	0.000892019	0.00232141	0.00270733	0.00290448	0.00307423	0.00328956	0.00365636	0.00398916	0.00430641	0.00437439	0.00425682	0.00399113	0.00378191	0.00361773	0.00361796	0.00364348	0.00369727	0.00374237	0.0036053	0.00357015	0.00351773	0.0035102	0.00455708	0.00574823	0.00588171	0.00591816	0.0058667	0.00582823	0.00586272
GCA	0	0.000135878	0.000103325	0.000105743	0.000159515	0.00027089	0.000323072	0.000398033	0.000411314	0.000527752	0.000474561	0.000476266	0.000430953	0.000420049	0.000444651	0.000512339	0.000540787	0.000487283	0.000423397	0.000509639	0.000591428	0.000720023	0.000784231	0.000821774	0.000663578	0.000427303	0.000337532	0.000315319	0.000433259	0.000442943	0.000369177
TCA	0	0.000286164	0.000189034	0.000284088	0.000485826	0.000656166	0.000778834	0.00103976	0.00116521	0.00108769	0.00114702	0.00143558	0.00186063	0.00237989	0.00271109	0.00320043	0.00336533	0.00342786	0.00273758	0.00233041	0.00232238	0.00247856	0.00259227	0.00270316	0.00157138	0.000435827	0.000900041	0.00200241	0.00264423	0.00328426	0.00265908
GCC	0.000213904	0.00155606	0.00103115	0.000641615	0.000315944	0.000277539	0.000335344	0.000278711	0.000287078	0.000315244	0.000389281	0.000413644	0.000412891	0.000383693	0.000379091	0.000351791	0.00039045	0.000391986	0.00034608	0.00035189	0.000350525	0.000401407	0.000454132	0.000496222	0.000313853	0.000106266	0.000147413	0.00017752	0.000185505	0.000178854	0.000225293
ACG	0	0.00048314	0.000367182	0.000480586	0.0003376	0.000355915	0.000559082	0.000850746	0.00104219	0.00128332	0.0013523	0.00168935	0.00172491	0.00168679	0.0014592	0.00119191	0.000995254	0.000926954	0.000725181	0.000926728	0.00107418	0.00127229	0.00152241	0.00182391	0.00152073	0.00120607	0.00240295	0.00517851	0.00613361	0.00656876	0.00837825
ACT	5.93472e-05	0.000460103	0.00022336	0.000325718	0.000314982	0.000385371	0.000420715	0.000416132	0.000646041	0.000848345	0.000850071	0.000983023	0.00121478	0.00153101	0.00172154	0.00201174	0.00221252	0.00248486	0.00310542	0.0034352	0.00354867	0.00386025	0.00406339	0.00427528	0.00381537	0.0036439	0.00492249	0.00773393	0.00887121	0.00961689	0.0096676
TCC	0	0.000209167	0.000193104	0.000126419	0.000205493	0.000268908	0.000385251	0.000378765	0.000413873	0.000486318	0.000632994	0.000738973	0.000967356	0.00117738	0.00127153	0.00107617	0.000923837	0.000773851	0.000573122	0.000439175	0.00042233	0.000518797	0.000604132	0.000719356	0.00236181	0.00452479	0.00598328	0.00835789	0.00927807	0.00963437	0.0105921
GCG	0	7.76205e-05	0.000138315	0.000113331	0.000159099	0.000237003	0.000316867	0.000340031	0.000376057	0.000547797	0.000415552	0.000452212	0.000449441	0.00055212	0.000603881	0.000666396	0.000789248	0.000847066	0.000817975	0.000834701	0.000634919	0.000575009	0.00055177	0.000580516	0.000366809	0.000193209	0.000233381	0.000264124	0.000328795	0.000385663	0.000336041
TCG	0	0.00180134	0.00261915	0.00645708	0.00801605	0.00870915	0.00901362	0.00912824	0.00924774	0.0096769	0.00937686	0.00974164	0.0098625	0.00974849	0.00982599	0.00987402	0.00971042	0.00969867	0.00988871	0.0103109	0.0102412	0.0104152	0.0106214	0.0107489	0.00982669	0.00902381	0.00992938	0.0110575	0.0115966	0.0114982	0.0103833
GCT	7.67754e-05	0.000123239	0.000104515	0.000176515	0.000250933	0.000401964	0.000520717	0.000648574	0.00090549	0.00137644	0.00182457	0.00191204	0.00168524	0.00127425	0.000984878	0.000660727	0.000584971	0.000868489	0.00202036	0.00253423	0.00261745	0.0028577	0.00300506	0.00318669	0.00345465	0.00365044	0.00331262	0.00245936	0.00215766	0.0020837	0.00207485
CCA	0	0.000517119	0.000168297	0.000168579	0.000284527	0.000402593	0.000403392	0.000541161	0.000647984	0.000850603	0.00112329	0.00138911	0.00138245	0.00131396	0.00111058	0.000965996	0.00113598	0.00156402	0.00358674	0.00504666	0.00547349	0.00582177	0.00604189	0.00625173	0.00349645	0.000511944	0.000332963	0.000266131	0.000275488	0.00030066	0.000293733
TCT	0	0.00104349	0.000689075	0.00160773	0.00193838	0.00220372	0.00245031	0.0023682	0.00272864	0.00288884	0.00302851	0.0031753	0.00325508	0.00346256	0.00357556	0.00385068	0.00404907	0.00401264	0.00328922	0.00268338	0.00249213	0.00251892	0.00256654	0.00263223	0.00261184	0.00293439	0.00411991	0.00651663	0.00731775	0.00736849	0.00689719
